       s1cal.f = 263001.737284; % [microns]

       s1cal.kappa1 = 0.000000e+00;

       s1cal.T=[3238.668066,  2266.395766,  267264.675058]; % [microns]

       s1cal.Rx = -146.519716;  s1cal.Ry = 10.454879;  s1cal.Rz = -84.484592; % [deg]

       s1cal.R = [
       0.0945178  -0.839835  0.534549
       -0.978845  0.0194737  0.203673
       -0.181461  -0.542492  -0.820228];

       s1cal.sx = 1.003529;
       s1cal.Cxy = [4652.070411 5088.192165]; % [pixels]

       s1cal.dpxy = [6.000000 6.000000]; % [microns/pixel]

       s1cal.Tz_f = 1.016209; % Tz/f

