       s2cal.f = 248804.285035; % [microns]

       s2cal.kappa1 = 0.000000e+00;

       s2cal.T=[2505.933464,  1905.634393,  249473.544135]; % [microns]

       s2cal.Rx = 152.684109;  s2cal.Ry = 7.320610;  s2cal.Rz = -98.113137; % [deg]

       s2cal.R = [
       -0.139978  -0.88785  -0.438326
       -0.981922  0.0675031  0.176843
       -0.127421  0.455155  -0.881248];

       s2cal.sx = 1.011359;
       s2cal.Cxy = [4994.004765 4998.026414]; % [pixels]

       s2cal.dpxy = [6.000000 6.000000]; % [microns/pixel]

       s2cal.Tz_f = 1.002690; % Tz/f

