       s1cal.f = 30277.921401; % [microns]

       s1cal.kappa1 = 0.000000e+00;

       s1cal.T=[1671.458764,  1570.087508,  181401.363869]; % [microns]

       s1cal.Rx = 93.296962;  s1cal.Ry = -55.028980;  s1cal.Rz = -4.200542; % [deg]

       s1cal.R = [
       0.571622  -0.820101  -0.026126
       -0.0419828  0.00256623  -0.999115
       0.819442  0.572213  -0.0329632];

       s1cal.sx = 0.992580;
       s1cal.Cxy = [20000.000000 20000.000000]; % [pixels]

       s1cal.dpxy = [0.250000 0.250000]; % [microns/pixel]

       s1cal.Tz_f = 5.991209; % Tz/f

