       s1cal.f = 29510.426171; % [microns]

       s1cal.kappa1 = 0.000000e+00;

       s1cal.T=[697.776175,  1715.275221,  120872.881644]; % [microns]

       s1cal.Rx = 89.698354;  s1cal.Ry = -0.259481;  s1cal.Rz = -179.728938; % [deg]

       s1cal.R = [
       -0.999979  0.00455357  -0.004707
       -0.00473086  -0.0052432  0.999975
       0.00452878  0.999976  0.00526463];

       s1cal.sx = 1.002845;
       s1cal.Cxy = [18803.192104 19475.152737]; % [pixels]

       s1cal.dpxy = [0.250000 0.250000]; % [microns/pixel]

       s1cal.Tz_f = 4.095938; % Tz/f

