       s2cal.f = 30797.612932; % [microns]

       s2cal.kappa1 = 0.000000e+00;

       s2cal.T=[-601.183425,  651.332298,  119819.469456]; % [microns]

       s2cal.Rx = 49.417688;  s2cal.Ry = -89.515228;  s2cal.Rz = -138.797115; % [deg]

       s2cal.R = [
       -0.00636573  0.999921  -0.0108483
       -0.00557334  0.0108129  0.999926
       0.999964  0.00642572  0.00550407];

       s2cal.sx = 1.005913;
       s2cal.Cxy = [21208.743963 21073.716279]; % [pixels]

       s2cal.dpxy = [0.250000 0.250000]; % [microns/pixel]

       s2cal.Tz_f = 3.890544; % Tz/f

