       s2cal.f = 32483.706348; % [microns]

       s2cal.kappa1 = 0.000000e+00;

       s2cal.T=[467.689466,  4271.184527,  205787.756383]; % [microns]

       s2cal.Rx = -95.264353;  s2cal.Ry = -64.544170;  s2cal.Rz = -174.265971; % [deg]

       s2cal.R = [
       -0.427665  -0.903777  0.0170602
       -0.0429431  0.00146143  -0.999076
       0.902917  -0.428002  -0.039436];

       s2cal.sx = 1.039029;
       s2cal.Cxy = [20000.000000 20000.000000]; % [pixels]

       s2cal.dpxy = [0.250000 0.250000]; % [microns/pixel]

       s2cal.Tz_f = 6.335107; % Tz/f

