       s1cal.f = 27101.873422; % [microns]

       s1cal.kappa1 = -2.975862e-09;

       s1cal.T=[-4093.539182,  134.345504,  114828.657628]; % [microns]

       s1cal.Rx = 89.981110;  s1cal.Ry = 1.125132;  s1cal.Rz = 91.412492; % [deg]

       s1cal.R = [
       -0.0246454  -0.000813628  0.999696
       0.999503  0.0196219  0.0246566
       -0.019636  0.999807  0.000329634];

       s1cal.sx = 1.014778;
       s1cal.Cxy = [21985.493829 17913.207972]; % [pixels]

       s1cal.dpxy = [0.250000 0.250000]; % [microns/pixel]

       s1cal.Tz_f = 4.236927; % Tz/f

