       s2cal.f = 31993.951049; % [microns]

       s2cal.kappa1 = -7.787524e-09;

       s2cal.T=[-1620.492145,  -2095.908242,  135308.136431]; % [microns]

       s2cal.Rx = -179.327362;  s2cal.Ry = -0.938246;  s2cal.Rz = 91.110226; % [deg]

       s2cal.R = [
       -0.0193733  0.99974  -0.0120545
       0.999678  0.0195668  0.0161431
       0.0163747  -0.0117379  -0.999797];

       s2cal.sx = 1.023863;
       s2cal.Cxy = [21755.958711 21111.048447]; % [pixels]

       s2cal.dpxy = [0.250000 0.250000]; % [microns/pixel]

       s2cal.Tz_f = 4.229179; % Tz/f

