       s1cal.f = 29315.610079; % [microns]

       s1cal.kappa1 = 0.000000e+00;

       s1cal.T=[-2170.104285,  758.414394,  124551.882930]; % [microns]

       s1cal.Rx = 129.581245;  s1cal.Ry = -0.172872;  s1cal.Rz = 89.690910; % [deg]

       s1cal.R = [
       0.00539459  0.63715  0.770721
       0.999981  -0.00576267  -0.00223531
       0.00301718  0.770718  -0.637169];

       s1cal.sx = 1.004501;
       s1cal.Cxy = [19960.042287 19226.549755]; % [pixels]

       s1cal.dpxy = [0.250000 0.250000]; % [microns/pixel]

       s1cal.Tz_f = 4.248654; % Tz/f

