       s2cal.f = 33784.290321; % [microns]

       s2cal.kappa1 = 0.000000e+00;

       s2cal.T=[153.762647,  601.711667,  139036.828449]; % [microns]

       s2cal.Rx = -139.308311;  s2cal.Ry = 0.874614;  s2cal.Rz = 90.557654; % [deg]

       s2cal.R = [
       -0.00973162  0.75829  -0.651845
       0.999836  -0.00257203  -0.0179189
       -0.0152643  -0.651912  -0.758141];

       s2cal.sx = 1.029542;
       s2cal.Cxy = [20663.060264 20171.185586]; % [pixels]

       s2cal.dpxy = [0.250000 0.250000]; % [microns/pixel]

       s2cal.Tz_f = 4.115428; % Tz/f

