       s1cal.f = 207798.160949; % [microns]

       s1cal.kappa1 = 0.000000e+00;

       s1cal.T=[-108.915084,  2013.734304,  205004.585301]; % [microns]

       s1cal.Rx = -91.665291;  s1cal.Ry = -15.834524;  s1cal.Rz = 180.054855; % [deg]

       s1cal.R = [
       -0.962053  -0.272772  -0.00697252
       -0.000921064  0.0287996  -0.999585
       0.27286  -0.961647  -0.027958];

       s1cal.sx = 1.006788;
       s1cal.Cxy = [5215.021389 4905.612814]; % [pixels]

       s1cal.dpxy = [6.000000 6.000000]; % [microns/pixel]

       s1cal.Tz_f = 0.986556; % Tz/f

