       s2cal.f = 207988.407746; % [microns]

       s2cal.kappa1 = 0.000000e+00;

       s2cal.T=[1546.068662,  5258.185499,  204104.276295]; % [microns]

       s2cal.Rx = -77.362731;  s2cal.Ry = -75.609995;  s2cal.Rz = 164.391945; % [deg]

       s2cal.R = [
       -0.239357  -0.969172  -0.0584375
       0.0668659  0.0435901  -0.996809
       0.968627  -0.2425  0.0543709];

       s2cal.sx = 1.010982;
       s2cal.Cxy = [4960.602292 4187.446380]; % [pixels]

       s2cal.dpxy = [6.000000 6.000000]; % [microns/pixel]

       s2cal.Tz_f = 0.981325; % Tz/f

