       s1cal.f = 29992.611938; % [microns]

       s1cal.kappa1 = 0.000000e+00;

       s1cal.T=[-873.634048,  4767.296906,  187936.093394]; % [microns]

       s1cal.Rx = -90.150404;  s1cal.Ry = -60.297709;  s1cal.Rz = 0.844301; % [deg]

       s1cal.R = [
       0.49544  0.868553  -0.0124553
       0.00730124  0.0101744  0.999922
       0.868612  -0.495492  -0.00130069];

       s1cal.sx = 1.045988;
       s1cal.Cxy = [20000.000000 20000.000000]; % [pixels]

       s1cal.dpxy = [0.250000 0.250000]; % [microns/pixel]

       s1cal.Tz_f = 6.266080; % Tz/f

