       s2cal.f = 28628.465476; % [microns]

       s2cal.kappa1 = 0.000000e+00;

       s2cal.T=[411.474035,  5424.466356,  181024.404189]; % [microns]

       s2cal.Rx = 93.425531;  s2cal.Ry = -59.019758;  s2cal.Rz = 177.620933; % [deg]

       s2cal.R = [
       -0.514299  0.857556  -0.00974676
       0.0213673  0.0241743  0.999479
       0.857345  0.513823  -0.0307565];

       s2cal.sx = 1.062532;
       s2cal.Cxy = [20000.000000 20000.000000]; % [pixels]

       s2cal.dpxy = [0.250000 0.250000]; % [microns/pixel]

       s2cal.Tz_f = 6.323231; % Tz/f

