       s1cal.f = 27704.060383; % [microns]

       s1cal.kappa1 = 0.000000e+00;

       s1cal.T=[481.880468,  -4082.084545,  113944.461908]; % [microns]

       s1cal.Rx = 90.117460;  s1cal.Ry = -0.906699;  s1cal.Rz = 90.590703; % [deg]

       s1cal.R = [
       -0.0103082  0.00221309  0.999944
       0.999822  -0.0158022  0.0103419
       0.0158242  0.999873  -0.0020498];

       s1cal.sx = 1.021405;
       s1cal.Cxy = [20316.150711 20818.443816]; % [pixels]

       s1cal.dpxy = [0.250000 0.250000]; % [microns/pixel]

       s1cal.Tz_f = 4.112916; % Tz/f

