       s1cal.f = 27704.060383; % [microns]

       s1cal.kappa1 = 9.623465e-10;

       s1cal.T=[481.676651,  -4081.628512,  113698.274246]; % [microns]

       s1cal.Rx = 90.117289;  s1cal.Ry = -0.906889;  s1cal.Rz = 90.590540; % [deg]

       s1cal.R = [
       -0.0103054  0.0022101  0.999944
       0.999822  -0.0158056  0.0103391
       0.0158275  0.999873  -0.00204682];

       s1cal.sx = 1.021405;
       s1cal.Cxy = [20316.150711 20818.443816]; % [pixels]

       s1cal.dpxy = [0.250000 0.250000]; % [microns/pixel]

       s1cal.Tz_f = 4.104029; % Tz/f

