       s2cal.f = 35846.694092; % [microns]

       s2cal.kappa1 = 0.000000e+00;

       s2cal.T=[-1945.020691,  -2778.133323,  140152.461118]; % [microns]

       s2cal.Rx = -178.930369;  s2cal.Ry = 0.130470;  s2cal.Rz = 90.609096; % [deg]

       s2cal.R = [
       -0.0106305  0.99977  -0.0186422
       0.999941  0.0105862  -0.00247504
       -0.00227712  -0.0186674  -0.999823];

       s2cal.sx = 1.005302;
       s2cal.Cxy = [20037.501993 20126.556447]; % [pixels]

       s2cal.dpxy = [0.250000 0.250000]; % [microns/pixel]

       s2cal.Tz_f = 3.909774; % Tz/f

