       s2cal.f = 35846.694092; % [microns]

       s2cal.kappa1 = -7.491637e-09;

       s2cal.T=[-1942.682086,  -2773.679047,  141785.363723]; % [microns]

       s2cal.Rx = -178.936548;  s2cal.Ry = 0.125151;  s2cal.Rz = 90.608808; % [deg]

       s2cal.R = [
       -0.0106255  0.999772  -0.0185354
       0.999941  0.0105831  -0.00238101
       -0.0021843  -0.0185596  -0.999825];

       s2cal.sx = 1.005302;
       s2cal.Cxy = [20037.501993 20126.556447]; % [pixels]

       s2cal.dpxy = [0.250000 0.250000]; % [microns/pixel]

       s2cal.Tz_f = 3.955326; % Tz/f

